Drone Measurement, Frq: 228.0 MHz
 
 
/home/pi/pmuScript/Measurement/2021-03-18 11:08:50.880005
 
(datetime.datetime(2021, 3, 18, 11, 8, 51, 142755), '15.957485667', '59.512513500', 28.2, -75.39900340560533)
(datetime.datetime(2021, 3, 18, 11, 8, 51, 335852), '15.957485667', '59.512513333', 28.2, -75.08891235368232)
(datetime.datetime(2021, 3, 18, 11, 8, 51, 535794), '15.957485500', '59.512513333', 28.2, -75.6281389291142)
(datetime.datetime(2021, 3, 18, 11, 8, 51, 733218), '15.957485333', '59.512513333', 28.2, -74.57841845506472)
(datetime.datetime(2021, 3, 18, 11, 8, 51, 936192), '15.957485333', '59.512513333', 28.2, -74.75140586218176)
(datetime.datetime(2021, 3, 18, 11, 8, 52, 143270), '15.957485333', '59.512513333', 28.2, -74.22897002609187)
(datetime.datetime(2021, 3, 18, 11, 8, 52, 337167), '15.957485167', '59.512513333', 28.3, -74.8827996748352)
(datetime.datetime(2021, 3, 18, 11, 8, 52, 536195), '15.957485167', '59.512513333', 28.3, -74.9625804907603)
(datetime.datetime(2021, 3, 18, 11, 8, 52, 734867), '15.957485000', '59.512513500', 28.3, -75.28556841230835)
(datetime.datetime(2021, 3, 18, 11, 8, 52, 934690), '15.957484833', '59.512513500', 28.3, -73.26840390794911)
(datetime.datetime(2021, 3, 18, 11, 8, 53, 142542), '15.957484833', '59.512513500', 28.4, -73.87904532729934)
(datetime.datetime(2021, 3, 18, 11, 8, 53, 339117), '15.957484667', '59.512513667', 28.4, -75.33619695209771)
(datetime.datetime(2021, 3, 18, 11, 8, 53, 535520), '15.957484667', '59.512513667', 28.4, -75.7439238193646)
(datetime.datetime(2021, 3, 18, 11, 8, 53, 740434), '15.957484500', '59.512513500', 28.4, -74.25420377381643)
(datetime.datetime(2021, 3, 18, 11, 8, 53, 937447), '15.957484333', '59.512513500', 28.4, -75.46616308245758)
(datetime.datetime(2021, 3, 18, 11, 8, 54, 145145), '15.957484500', '59.512513500', 28.4, -75.44692829890386)
